0
3
7
9
11
14
17
19
20
21
22
23
25
26
27
28
29
30
32
33
34
35
39
42
44
48
52
53
55
56
57
58
61
62
63
64
65
66
67
68
70
73
74
75
76
80
81
82
83
84
86
87
88
89
91
92
93
95
96
97
100
103
104
105
107
108
109
110
111
115
119
120
126
127
128
129
131
132
133
134
136
137
138
139
140
141
142
143
146
147
149
150
152
180
205
212
224
236
240
241
255
270
271
274
275
278
286
287
294
295
297
301
307
308
311
312
315
316
317
318
319
320
321
322
323
326
329
330
340
342
343
344
345
346
348
349
350
351
352
353
355
360
361
364
365
367
368
369
370
374
375
378
379
380
381
382
384
386
390
391
392
393
394
395
397
398
399
403
404
406
407
408
409
410
411
412
415
417
418
419
421
423
424
425
426
427
433
437
438
439
440
441
446
449
450
451
452
453
454
457
458
460
465
466
467
468
469
470
474
475
476
477
480
481
483
485
486
487
488
489
490
495
496
497
498
500
503
504
505
506
507
508
509
510
512
513
517
518
525
526
527
528
530
531
535
536
537
538
539
540
542
544
546
547
548
551
553
554
555
556
558
561
562
565
568
569
571
572
575
576
579
580
582
583
584
585
586
590
593
595
597
598
599
602
603
604
605
607
608
610
611
614
615
619
620
624
626
627
628
629
631
632
633
634
635
637
638
639
641
642
644
646
648
650
651
652
654
656
660
662
663
664
667
668
669
672
673
674
676
678
679
681
682
683
684
685
686
687
688
692
693
694
698
701
702
703
704
705
706
707
708
709
711
712
714
715
716
718
720
723
724
726
727
729
730
732
733
734
737
738
740
742
743
745
751
753
754
760
761
762
763
765
766
767
769
771
772
773
775
776
777
778
779
780
781
782
783
784
785
788
789
791
795
798
799
800
801
802
803
810
811
812
813
815
818
819
820
821
823
824
825
826
827
828
829
830
833
834
836
837
839
841
843
844
845
846
848
851
853
854
855
856
858
859
860
862
863
864
865
867
868
873
874
877
878
879
884
885
886
888
890
891
892
893
895
900
902
904
905
906
907
908
912
913
914
915
916
917
918
919
920
921
922
926
927
928
933
939
942
949
950
955
966
968
969
971
972
975
976
977
978
980
982
983
984
986
987
989
991
993
994
997
