7
18
27
32
36
44
54
66
74
80
108
123
129
156
161
171
178
182
189
210
217
220
223
232
238
250
253
258
261
262
264
272
277
281
286
289
296
299
306
312
313
330
331
340
344
355
358
361
371
379
395
396
398
402
404
410
414
417
420
425
433
434
462
469
490
498
504
505
507
524
548
555
559
566
598
610
612
618
621
639
642
643
656
673
677
683
685
689
694
698
700
711
714
726
741
744
756
757
766
778
791
792
796
800
815
817
822
824
831
837
843
851
853
856
864
866
889
895
903
924
932
981
987
1000
1003
1004
1013
1014
1019
1046
1052
1053
1059
1071
1072
1074
1079
1086
1091
1093
1101
1113
1117
1119
1130
1142
1151
1153
1155
1159
1179
1181
1192
1215
1218
1232
1242
1243
1246
1248
1251
1253
1266
1275
1276
1292
1302
1306
1310
1316
1342
1349
1360
1392
1394
1407
1430
1433
1446
1461
1469
1470
1487
1493
1494
1513
1540
1554
1567
1572
1574
1579
1592
1607
1612
1616
1619
1642
1644
1655
1667
1677
1681
1686
1695
1714
1719
1725
1730
1732
1740
1741
1748
1752
1756
1757
1758
1763
1764
1768
1772
1780
1785
1791
1795
1799
1809
1810
1817
1827
1834
1844
1851
1864
1880
1888
1889
1894
1900
1909
1916
1925
1926
1941
1967
1968
1973
1974
1983
1988
1998
2001
2019
2022
2026
2030
2032
2049
2071
2085
2100
2109
2136
2142
2146
2171
2173
2188
2189
2192
2196
2199
2204
2209
2210
2234
2235
2247
2254
2268
2271
2274
2294
2298
2304
2315
2330
2343
2348
2350
2352
2356
2357
2380
2386
2391
2410
2422
2438
2439
2442
2451
2459
2473
2488
2495
2501
2502
2503
2504
2506
2524
2525
2526
2527
2528
2541
2543
2548
2559
2562
2572
2577
2583
2586
2594
2600
2613
2616
2624
2626
2645
2648
2664
2680
2681
2689
2701
2707
2709
2711
2726
2734
2744
2748
2753
2764
2765
2769
2770
2790
2801
2810
2818
2821
2822
2846
2854
2863
2895
2906
2918
2922
2930
2935
2939
2953
2959
2968
2970
2973
2977
2986
2988
3001
3006
3008
3025
3037
3043
3049
3057
3059
3067
3068
3070
3087
3090
3099
3127
3131
3135
3144
3152
3158
3159
3171
3178
3180
3183
3185
3202
3205
3208
3218
3220
3231
3232
3239
3265
3268
3286
3287
3296
3303
3304
3316
3321
3336
3361
3362
3366
3374
3384
3388
3391
3401
3402
3417
3421
3423
3434
3441
3449
3451
3476
3480
3483
3485
3486
3506
3538
3541
3552
3558
3569
3571
3577
3597
3615
3616
3619
3627
3635
3640
3641
3675
3681
3684
3694
3701
3705
3714
3715
3721
3728
3730
3731
3753
3771
3776
3777
3778
3779
3784
3788
3789
3802
3804
3806
3811
3819
3840
3843
3880
3888
3889
3893
3900
3904
3915
3924
3933
3939
3942
3945
3958
3972
3986
4005
4025
4033
4035
4036
4040
4056
4059
4065
4067
4071
4073
4086
