0
9
12
15
16
23
30
39
41
45
55
58
67
69
72
83
95
97
109
131
132
138
160
161
168
179
185
195
239
248
273
274
279
284
287
289
300
307
316
317
337
353
359
365
367
378
382
395
399
401
411
416
421
437
440
443
447
457
473
478
487
495
497
505
509
519
521
526
537
540
541
558
560
561
563
577
583
584
587
601
602
609
613
619
620
633
643
644
645
649
657
668
689
690
700
709
714
731
765
774
810
812
815
827
845
854
857
866
874
885
898
900
905
908
919
921
936
951
965
985
991
998
1013
1014
1021
1022
1023
1030
1044
1045
1052
1059
1071
1072
1074
1081
1088
1091
1095
1107
1128
1129
1136
1139
1141
1143
1168
1176
1192
1214
1225
1241
1285
1287
1301
1312
1316
1321
1322
1329
1338
1347
1374
1384
1386
1393
1395
1408
1409
1415
1417
1420
1425
1435
1448
1451
1455
1463
1466
1473
1478
1479
1483
1506
1518
1530
1544
1553
1561
1567
1576
1590
1599
1600
1602
1616
1620
1622
1625
1631
1636
1644
1646
1654
1665
1678
1695
1697
1706
1714
1716
1717
1719
1733
1737
1739
1745
1760
1794
1797
1800
1807
1808
1809
1810
1844
1865
1869
1891
1895
1901
1902
1914
1931
1953
1955
1960
1966
1971
1979
1999
2005
2008
2014
2016
2018
2019
2024
2025
2031
2042
2043
2053
2070
2074
2080
2083
2094
2095
2097
2099
2105
2118
2135
2142
2145
2154
2167
2184
2185
2188
2190
2196
2201
2203
2211
2224
2225
2234
2254
2262
2268
2271
2280
2281
2283
2289
2295
2297
2302
2304
2314
2320
2322
2326
2342
2371
2374
2376
2384
2389
2392
2394
2395
2396
2408
2411
2418
2422
2423
2427
2431
2456
2457
2485
2488
2492
2494
2511
2518
2522
2532
2534
2561
2567
2578
2583
2587
2592
2597
2605
2610
2613
2617
2619
2637
2664
2670
2675
2677
2705
2726
2751
2764
2790
2792
2795
2815
2817
2819
2826
2839
2841
2846
2848
2850
2855
2868
2887
2893
2897
2902
2907
2912
2917
2922
2927
2933
2938
2945
2959
2960
2970
2972
2976
2977
2985
2994
2999
3023
3024
3027
3033
3034
3036
3049
3063
3073
3082
3085
3096
3102
3118
3123
3137
3142
3146
3153
3154
3167
3168
3174
3179
3186
3208
3217
3222
3223
3232
3235
3243
3248
3249
3258
3269
3270
3295
3330
3347
3353
3359
3375
3381
3394
3396
3400
3422
3423
3429
3447
3461
3466
3495
3500
3504
3511
3515
3523
3532
3552
3563
3564
3566
3571
3594
3596
3599
3604
3638
3655
3659
3677
3684
3694
3698
3701
3704
3708
3709
3717
3718
3724
3734
3749
3765
3769
3780
3789
3796
3804
3809
3812
3813
3820
3829
3830
3838
3845
3860
3868
3869
3871
3876
3883
3901
3903
3910
3919
3923
3936
3939
3945
3957
3958
3961
3967
3981
3986
3988
3994
4007
4017
4021
4024
4032
4037
4039
4048
4061
4065
4067
4091
